(+ 1 2)
(- 1 3)
(* 1 4)
(/ 1 5)
(+ 1 2 1)
(- 1 3 1)
(* 1 4 1)
(/ 1 5 1)
(+ 1 2 1 2)
(- 1 3 1 3)
(* 1 4 1 4)
(/ 1 5 1 5)
(+ 1 2 1 2 1 2 1 2 1 2 1 2 1 2 1 2 1 2 1 2 1 2 1 2 1 2 1 2 1 2 1 2 1 2 1 2 1 2 1 2 1 2 1 2 1 2 1 2 1 2 1 2 1 2 1 2 1 2 1 2 1 2 1 2)
(- 1 3 1 3 1 3 1 3 1 3 1 3 1 3 1 3 1 3 1 3 1 3 1 3 1 3 1 3 1 3 1 3 1 3 1 3 1 3 1 3 1 3 1 3 1 3 1 3 1 3 1 3 1 3 1 3 1 3 1 3 1 3 1 3)
(* 1 4 1 4 1 4 1 4 1 4 1 4 1 4 1 4 1 4 1 4 1 4 1 4 1 4 1 4 1 4 1 4 1 4 1 4 1 4 1 4 1 4 1 4 1 4 1 4 1 4 1 4 1 4 1 4 1 4 1 4 1 4 1 4)
(/ 1 5 1 5 1 5 1 5 1 5 1 5 1 5 1 5 1 5 1 5 1 5 1 5 1 5 1 5 1 5 1 5 1 5 1 5 1 5 1 5 1 5 1 5 1 5 1 5 1 5 1 5 1 5 1 5 1 5 1 5 1 5 1 5)
(+ (+ 1 2)(+ 1 2))
(+ (- 1 3)(- 1 3))
(+ (* 1 4)(* 1 4))
(+ (/ 1 5)(/ 1 5))
(+(+ (+ 1 2)(+ 1 2))(+ (+ 1 2)(+ 1 2)))
(+(+ (- 1 3)(- 1 3))(+ (- 1 3)(- 1 3)))
(+(+ (* 1 4)(* 1 4))(+ (* 1 4)(* 1 4)))
(+(+ (/ 1 5)(/ 1 5))(+ (/ 1 5)(/ 1 5)))
(+(+ (+ 1 2)(+ 1 2))(+ (+ 1 2)(+ (+ 1 2)(+ (+ 1 2)(+ (+ 1 2)(+ 1 2))))))
(+(+ (- 1 3)(- 1 3))(+ (- 1 3)(+ (- 1 3)(+ (- 1 3)(+ (- 1 3)(- 1 3))))))
(+(+ (* 1 4)(* 1 4))(+ (* 1 4)(+ (* 1 4)(+ (* 1 4)(+ (* 1 4)(* 1 4))))))
(+(+ (/ 1 5)(/ 1 5))(+ (/ 1 5)(+ (/ 1 5)(+ (/ 1 5)(+ (/ 1 5)(/ 1 5))))))
(! A 2)
(+ 1 A)
(- A 3)
(! A (+ 1 2))
(! A (-(+ 1 2)(+ 1 2)))
(! B 3)
(! A B)
(! A (! b (! c (! D (! e (! F (! G (! h 3))))))))
A
b
c
D
e
F
G
h
1
2
345
65435678654324567
0
234567

#Fin